1.000000000000000000e+03 2.975419575812285871e+02 4.447460831673013537e+00 -9.003695635728433899e+00 -5.925982619074817714e-01
9.750000000000000000e+02 2.973537482480296035e+02 4.402234080237289682e+00 -9.469175941483932490e+00 -6.078622386741966421e-01
9.500000000000000000e+02 2.972938131377067066e+02 4.354787610939689912e+00 -9.642639111725259227e+00 -5.871468416336550478e-01
9.250000000000000000e+02 2.974202614617599352e+02 4.286808751419737717e+00 -9.637647365819034917e+00 -5.184589461834381297e-01
9.000000000000000000e+02 2.972877593690740810e+02 4.105346816211373984e+00 -9.552787685413207441e+00 -4.944726969786005233e-01
8.750000000000000000e+02 2.981807971490142677e+02 2.838720311278379427e+00 -8.760348022799952616e+00 -8.779674455112604359e-02
8.500000000000000000e+02 3.006704001108712987e+02 1.304617803989324809e+00 -5.983689362462186523e+00 7.331871486871803789e-01
8.250000000000000000e+02 3.016182735360061997e+02 1.769926160785082914e+00 -4.156710360783762326e+00 1.074446057828734036e+00
8.000000000000000000e+02 3.023773482001351454e+02 2.033795121615592283e+00 -2.243623742222951023e+00 1.292502868781803427e+00
7.750000000000000000e+02 3.035660053867400165e+02 2.084293702973271767e+00 9.750508779666944292e-02 1.804936374521516562e+00
7.500000000000000000e+02 3.054534046064730433e+02 2.225446050290086575e+00 1.772235839335223773e+00 3.524314328886469116e+00
7.000000000000000000e+02 3.090643184226696007e+02 4.593657444266649570e+00 5.669541455620549897e+00 4.002949028928456165e+00
6.500000000000000000e+02 3.129358956300903287e+02 3.734769655664650578e+00 9.226160413806008265e+00 2.101493637417691129e+00
6.000000000000000000e+02 3.156319720473789516e+02 1.776329257985003185e+00 8.643374079254215303e+00 3.516682340503111792e+00
5.500000000000000000e+02 3.181010390868137279e+02 9.758225749029819651e-01 9.148788352259517254e+00 7.211940240847615202e-01
5.000000000000000000e+02 3.201957341769641516e+02 7.814347848179235001e-01 1.246954731637583436e+01 -1.206428184740372389e+00
4.500000000000000000e+02 3.233642366493648410e+02 2.325491839294830387e-01 1.439636123617876251e+01 -7.408768933555689440e-01
4.000000000000000000e+02 3.269773300461171175e+02 5.783966004069531625e-02 1.896006493094515477e+01 -2.844034834997923422e+00
3.500000000000000000e+02 3.284070701647651731e+02 5.715555636693836483e-02 2.035650584821165410e+01 -6.950849630554244429e-01
3.000000000000000000e+02 3.308713137566734872e+02 8.355576507625109284e-02 2.089561440608397902e+01 2.871234180082026466e+00
2.921999999999999886e+02 3.319093796985017093e+02 3.003586342261571271e-02 1.955083333333333329e+01 9.416666666666667629e-01
2.874499999999999886e+02 3.319510583091077365e+02 3.049656931570328411e-02 1.995416666666666927e+01 6.149999999999999911e-01
2.825583333333333371e+02 3.320332893456809416e+02 4.042831750292938398e-02 2.017666666666666941e+01 7.783333333333333215e-01
2.773874999999999886e+02 3.327037632534503473e+02 6.568059734911330105e-02 2.135750000000000171e+01 2.171250000000000124e+00
2.726600000000000250e+02 3.335833620254367702e+02 2.044998077794534519e-01 2.389099999999999824e+01 3.350000000000000089e+00
2.677833333333333599e+02 3.343156260887161011e+02 1.927470985986111662e-01 2.521833333333333371e+01 3.926666666666666750e+00
2.627214285714285893e+02 3.346840628070056596e+02 1.751876668872852372e-01 2.463857142857142790e+01 4.357142857142857650e+00
2.575461538461538566e+02 3.350331381174792682e+02 1.580598897751955556e-01 2.536846153846153840e+01 3.275384615384615561e+00
2.528454545454545723e+02 3.353317573817702737e+02 1.433481774579145052e-01 2.609363636363636374e+01 2.343636363636363740e+00
2.477909090909091105e+02 3.356131928637812507e+02 1.282431945089164138e-01 2.747090909090908895e+01 2.520909090909090988e+00
2.427692307692307736e+02 3.359009640241280295e+02 1.145087686515391390e-01 2.810153846153846402e+01 3.050000000000000266e+00
2.376384615384615415e+02 3.360450382944724765e+02 1.003862824683814520e-01 2.826076923076922753e+01 3.359999999999999876e+00
2.325333333333333314e+02 3.362312794540400773e+02 8.803299224089775055e-02 2.824866666666666859e+01 2.884666666666666490e+00
2.274750000000000227e+02 3.365550298555237987e+02 7.787976638488150471e-02 2.806583333333333385e+01 2.885000000000000231e+00
2.229500000000000171e+02 3.366754798088517759e+02 6.858156236843676590e-02 2.808249999999999957e+01 2.664166666666667016e+00
2.177571428571428953e+02 3.367422620500285007e+02 5.866070188907261673e-02 2.864785714285714135e+01 2.769285714285714572e+00
2.124133333333333553e+02 3.369105535633094064e+02 5.010762794972359324e-02 2.838933333333333309e+01 3.461333333333333151e+00
2.073307692307692491e+02 3.371212268405473651e+02 4.309906410307878799e-02 2.792999999999999972e+01 3.993076923076923190e+00
2.022166666666666686e+02 3.375965907895133000e+02 3.767939308244913632e-02 2.759833333333333627e+01 5.143333333333333535e+00
1.970352941176470836e+02 3.380720695173479839e+02 3.268780756262551490e-02 2.671882352941176464e+01 5.361764705882352544e+00
1.922210526315789707e+02 3.384959406411513214e+02 2.364107344209431458e-02 2.649947368421052474e+01 4.284210526315789913e+00
1.872700000000000102e+02 3.411686634702643346e+02 1.578626918621194378e-02 2.663500000000000156e+01 5.363999999999999879e+00
1.824642857142857224e+02 3.422990865003583849e+02 1.433946702121651970e-02 2.879285714285714448e+01 7.762142857142857011e+00
1.775142857142857338e+02 3.441136466255940149e+02 1.272535385138335098e-02 3.025333333333333385e+01 4.844285714285714306e+00
1.726043478260869506e+02 3.456375345501803054e+02 1.083856246302916659e-02 2.860434782608695414e+01 2.963043478260869446e+00
1.676599999999999966e+02 3.468250017303271875e+02 9.322418772216579594e-03 2.857199999999999918e+01 2.001999999999999780e+00
1.616333333333333542e+02 3.492630098819286104e+02 8.139557822752246929e-03 3.154666666666666686e+01 5.201666666666666217e+00
1.573277777777777828e+02 3.531990936865404933e+02 8.813368021273788530e-03 3.284000000000000341e+01 5.722777777777777963e+00
1.525631578947368610e+02 3.579144998344077067e+02 6.135030640562538426e-03 3.328789473684210520e+01 5.270000000000000462e+00
1.482666666666666799e+02 3.603269420548060680e+02 4.877195506852355193e-03 3.276749999999999829e+01 4.445833333333332860e+00
