1017.8	288.3	9.45	3	-9
5	288.3	9.45	3.0215	-8.972
10.2	288.3	9.45	3.04386	-8.94288
15.6	288.3	9.45	3.06708	-8.91264
21.5	288.3	9.45	3.09245	-8.8796
27.9	288.3	9.45	3.11997	-8.84376
35	288.3	9.45	3.1505	-8.804
42.8	288.3	9.45	3.18404	-8.76032
51.6	288.3	9.45	3.22188	-8.71104
61.3	288.3	9.45	3.26359	-8.65672
72	288.3	9.45	3.3096	-8.5968
83.9	288.3	9.45	3.36077	-8.53016
96.9	288.3	9.45	3.41667	-8.45736
111.1	288.3	9.45	3.47773	-8.37784
126.5	288.3	9.45	3.54395	-8.2916
143.1	288.3	9.45	3.61533	-8.19864
160.8	288.3	9.45	3.69144	-8.09952
179.7	288.3	9.45	3.77271	-7.99368
199.7	288.3	9.45	3.85871	-7.88168
220.7	288.3	9.45	3.94901	-7.76408
242.6	288.3	9.45	4.04318	-7.64144
265.3	288.3	9.45	4.14079	-7.51432
288.8	288.3	9.45	4.24184	-7.38272
312.8	288.3	9.45	4.34504	-7.24832
337.4	288.3	9.45	4.45082	-7.11056
362.3	288.3	9.45	4.55789	-6.97112
387.4	288.3	9.45	4.66582	-6.83056
412.6	288.3	9.45	4.77418	-6.68944
437.7	288.3	9.45	4.88211	-6.54888
462.6	288.3	9.45	4.98918	-6.40944
487.2	288.3	9.45	5.09496	-6.27168
511.2	288.3	9.45	5.19816	-6.13728
534.7	288.3	9.45	5.29921	-6.00568
557.4	288.3	9.45	5.39682	-5.87856
579.3	288.3	9.45	5.49099	-5.75592
600.3	288.3	9.45	5.58129	-5.63832
620.3	288.3	9.45	5.66729	-5.52632
639.2	288.3	9.45	5.74856	-5.42048
656.9	288.3	9.45	5.82467	-5.32136
673.5	288.3	9.45	5.89605	-5.2284
688.9	288.3	9.45	5.96227	-5.14216
703.1	288.3	9.45	6.02333	-5.06264
716.1	288.3	9.45	6.07923	-4.98984
728	288.3	9.45	6.1304	-4.9232
738.7	288.3	9.45	6.17641	-4.86328
748.4	288.3	9.45	6.21812	-4.80896
757.2	288.3	9.45	6.25596	-4.75968
765	288.3	9.45	6.2895	-4.716
772.1	288.3	9.45	6.32003	-4.67624
778.5	288.3	9.45	6.34755	-4.6404
784.4	288.3	9.45	6.37292	-4.60736
789.8	288.3	9.45	6.39614	-4.57712
795	295	5	6.4185	-4.548
800	296.71	4.97015	6.44	-4.52
805	297.154	4.9406	6.4615	-4.492
810	297.466	4.91134	6.483	-4.464
815	297.714	4.88237	6.5045	-4.436
820	297.924	4.85369	6.526	-4.408
825	298.107	4.82529	6.5475	-4.38
830	298.271	4.79718	6.569	-4.352
835	298.42	4.76935	6.5905	-4.324
840	298.557	4.74179	6.612	-4.296
845	298.684	4.71451	6.6335	-4.268
850	298.803	4.6875	6.655	-4.24
855	298.915	4.66076	6.6765	-4.212
860	299.021	4.63429	6.698	-4.184
865	299.121	4.60807	6.7195	-4.156
870	299.217	4.58212	6.741	-4.128
875	299.309	4.55643	6.7625	-4.1
880	299.397	4.53099	6.784	-4.072
885	299.481	4.50581	6.8055	-4.044
890	299.563	4.48088	6.827	-4.016
895	299.642	4.45619	6.8485	-3.988
900	299.718	4.43175	6.87	-3.96
905	299.791	4.40756	6.8915	-3.932
910	299.863	4.3836	6.913	-3.904
915	299.932	4.35988	6.9345	-3.876
920	300	4.3364	6.956	-3.848
925	300.066	4.31315	6.9775	-3.82
930.1	300.131	4.28968	6.99943	-3.79144
935.7	300.201	4.26418	7.02351	-3.76008
942.2	300.28	4.23494	7.05146	-3.72368
950.3	300.375	4.19902	7.08629	-3.67832
960.4	300.489	4.15505	7.12972	-3.62176
973	300.625	4.10142	7.1839	-3.5512
988.5	300.784	4.03727	7.25055	-3.4644
1007.6	300.968	3.96092	7.33268	-3.35744
1030.6	301.176	3.87276	7.43158	-3.22864
1058.2	301.409	3.77218	7.55026	-3.07408
1090.7	301.662	3.66066	7.69001	-2.89208
1128.7	301.936	3.53912	7.85341	-2.67928
1172.7	302.229	3.40947	8.04261	-2.43288
1223.2	302.537	3.27406	8.25976	-2.15008
1280.7	302.861	3.13566	8.50701	-1.82808
1345.6	303.196	2.99742	8.78608	-1.46464
1418.6	303.543	2.86192	9.09998	-1.05584
1500	303.9	2.73243	9.45	-0.6
