 1017.800000 297.602394 14.394194 0.000000 0.000000
 4.000000 297.602394 14.394194 0.000000 0.000000
 12.000000 297.602394 14.394194 0.000000 0.000000
 20.000000 297.602394 14.394194 0.000000 0.000000
 28.000000 297.602394 14.394194 0.000000 0.000000
 36.000000 297.602394 14.394194 0.000000 0.000000
 44.000000 297.602394 14.394194 0.000000 0.000000
 52.000000 297.602394 14.394194 0.000000 0.000000
 60.000000 297.602394 14.394194 0.000000 0.000000
 68.000000 297.602394 14.394194 0.000000 0.000000
 76.000000 297.602394 14.394194 0.000000 0.000000
 84.000000 297.602394 14.394194 0.000000 0.000000
 92.000000 297.602394 14.394194 0.000000 0.000000
 100.000000 297.602394 14.394194 0.000000 0.000000
 108.000000 297.602394 14.394194 0.000000 0.000000
 116.000000 297.602394 14.394194 0.000000 0.000000
 124.000000 297.602394 14.394194 0.000000 0.000000
 132.000000 297.602394 14.394194 0.000000 0.000000
 140.000000 297.602394 14.394194 0.000000 0.000000
 148.000000 297.602394 14.394194 0.000000 0.000000
 156.000000 297.602394 14.394194 0.000000 0.000000
 164.000000 297.602394 14.394194 0.000000 0.000000
 172.000000 297.602394 14.394194 0.000000 0.000000
 180.000000 297.602394 14.394194 0.000000 0.000000
 188.000000 297.602394 14.394194 0.000000 0.000000
 196.000000 297.602394 14.394194 0.000000 0.000000
 204.000000 297.602394 14.394194 0.000000 0.000000
 212.000000 297.602394 14.394194 0.000000 0.000000
 220.000000 297.602394 14.394194 0.000000 0.000000
 228.000000 297.602394 14.394194 0.000000 0.000000
 236.000000 297.602394 14.394194 0.000000 0.000000
 244.000000 297.602394 14.394194 0.000000 0.000000
 252.000000 297.602394 14.394194 0.000000 0.000000
 260.000000 297.602394 14.394194 0.000000 0.000000
 268.000000 297.602394 14.394194 0.000000 0.000000
 276.000000 297.602394 14.394194 0.000000 0.000000
 284.000000 297.602394 14.394194 0.000000 0.000000
 292.000000 297.602394 14.394194 0.000000 0.000000
 300.000000 297.602394 14.394194 0.000000 0.000000
 308.000000 297.602394 14.394194 0.000000 0.000000
 316.000000 297.602394 14.394194 0.000000 0.000000
 324.000000 297.602394 14.394194 0.000000 0.000000
 332.000000 297.602394 14.394194 0.000000 0.000000
 340.000000 297.602394 14.394194 0.000000 0.000000
 348.000000 297.602394 14.394194 0.000000 0.000000
 356.000000 297.602394 14.394194 0.000000 0.000000
 364.000000 297.602394 14.394194 0.000000 0.000000
 372.000000 297.602394 14.394194 0.000000 0.000000
 380.000000 297.602394 14.394194 0.000000 0.000000
 388.000000 297.602394 14.394194 0.000000 0.000000
 396.000000 297.602394 14.394194 0.000000 0.000000
 404.000000 297.602394 14.394194 0.000000 0.000000
 412.000000 297.602394 14.394194 0.000000 0.000000
 420.000000 297.602394 14.394194 0.000000 0.000000
 428.000000 297.602394 14.394194 0.000000 0.000000
 436.000000 297.602394 14.394194 0.000000 0.000000
 444.000000 297.602394 14.394194 0.000000 0.000000
 452.000000 297.602394 14.394194 0.000000 0.000000
 460.000000 297.602394 14.394194 0.000000 0.000000
 468.000000 297.602394 14.394194 0.000000 0.000000
 476.000000 297.602394 14.394194 0.000000 0.000000
 484.000000 297.602394 14.394194 0.000000 0.000000
 492.000000 297.602394 14.394194 0.000000 0.000000
 500.000000 297.602394 14.394194 0.000000 0.000000
 508.000000 297.602394 14.394194 0.000000 0.000000
 516.000000 297.602394 14.394194 0.000000 0.000000
 524.000000 297.602394 14.394194 0.000000 0.000000
 532.000000 297.602394 14.394194 0.000000 0.000000
 540.000000 297.602394 14.394194 0.000000 0.000000
 548.000000 297.602394 14.394194 0.000000 0.000000
 556.000000 297.602394 14.394194 0.000000 0.000000
 564.000000 297.602394 14.394194 0.000000 0.000000
 572.000000 297.602394 14.394194 0.000000 0.000000
 580.000000 297.602394 14.394194 0.000000 0.000000
 588.000000 297.602394 14.394194 0.000000 0.000000
 596.000000 297.602394 14.394194 0.000000 0.000000
 604.000000 297.602394 14.394194 0.000000 0.000000
 612.000000 297.602394 14.394194 0.000000 0.000000
 620.000000 297.602394 14.394194 0.000000 0.000000
 628.000000 297.602394 14.394194 0.000000 0.000000
 636.000000 297.602394 14.394194 0.000000 0.000000
 644.000000 297.602394 14.394194 0.000000 0.000000
 652.000000 297.602394 14.394194 0.000000 0.000000
 660.000000 297.602394 14.394194 0.000000 0.000000
 668.000000 297.602394 14.394194 0.000000 0.000000
 676.000000 297.602394 14.394194 0.000000 0.000000
 684.000000 297.602394 14.394194 0.000000 0.000000
 692.000000 297.602394 14.394194 0.000000 0.000000
 700.000000 297.602394 14.394194 0.000000 0.000000
 708.000000 297.602394 14.394194 0.000000 0.000000
 716.000000 297.602394 14.394194 0.000000 0.000000
 724.000000 297.602394 14.394194 0.000000 0.000000
 732.000000 297.602394 14.394194 0.000000 0.000000
 740.000000 297.602394 14.394194 0.000000 0.000000
 748.000000 297.602394 14.394194 0.000000 0.000000
 756.000000 297.602394 14.394194 0.000000 0.000000
 764.000000 297.602394 14.394194 0.000000 0.000000
 772.000000 297.602394 14.394194 0.000000 0.000000
 780.000000 297.602394 14.394194 0.000000 0.000000
 788.000000 297.602394 14.394194 0.000000 0.000000
 796.000000 297.602394 14.394194 0.000000 0.000000
 804.000000 297.602394 14.394194 0.000000 0.000000
 812.000000 297.602394 14.251677 0.000000 0.000000
 820.000000 297.602394 14.251677 0.000000 0.000000
 828.000000 297.602394 14.251677 0.000000 0.000000
 836.000000 297.602394 14.110571 0.000000 0.000000
 844.000000 297.602394 14.110571 0.000000 0.000000
 852.000000 297.602394 13.970862 0.000000 0.000000
 860.000000 297.602394 13.970862 0.000000 0.000000
 868.000000 297.602394 13.970862 0.000000 0.000000
 876.000000 297.602394 13.832537 0.000000 0.000000
 884.000000 297.602394 13.832537 0.000000 0.000000
 892.000000 297.602394 13.695581 0.000000 0.000000
 900.000000 297.602394 13.695581 0.000000 0.000000
 908.000000 297.602394 13.695581 0.000000 0.000000
 916.000000 297.602394 13.559981 0.000000 0.000000
 924.000000 297.602394 13.559981 0.000000 0.000000
 932.000000 297.602394 13.425724 0.000000 0.000000
 940.000000 297.602394 13.425724 0.000000 0.000000
 948.000000 297.602394 13.425724 0.000000 0.000000
 956.000000 297.602394 13.292796 0.000000 0.000000
 964.000000 297.602394 13.292796 0.000000 0.000000
 972.000000 297.602394 13.161184 0.000000 0.000000
 980.000000 297.602394 13.161184 0.000000 0.000000
 988.000000 297.602394 13.030876 0.000000 0.000000
 996.000000 297.602394 13.030876 0.000000 0.000000
 1004.000000 297.602394 13.030876 0.000000 0.000000
 1012.000000 297.602394 12.901857 0.000000 0.000000
 1020.000000 297.602394 12.901857 0.000000 0.000000
 1028.000000 297.602394 12.774116 0.000000 0.000000
 1036.000000 297.602394 12.774116 0.000000 0.000000
 1044.000000 297.602394 12.774116 0.000000 0.000000
 1052.000000 297.602394 12.647640 0.000000 0.000000
 1060.000000 297.602394 12.647640 0.000000 0.000000
 1068.000000 297.602394 12.522415 0.000000 0.000000
 1076.000000 297.602394 12.522415 0.000000 0.000000
 1084.000000 297.602394 12.522415 0.000000 0.000000
 1092.000000 297.602394 12.398431 0.000000 0.000000
 1100.000000 297.602394 12.398431 0.000000 0.000000
 1108.000000 297.602394 12.275674 0.000000 0.000000
 1116.000000 297.602394 12.275674 0.000000 0.000000
 1124.000000 297.602394 12.154133 0.000000 0.000000
 1132.000000 297.602394 12.154133 0.000000 0.000000
 1140.000000 297.602394 12.154133 0.000000 0.000000
 1148.000000 297.602394 12.033795 0.000000 0.000000
 1156.000000 297.602394 12.033795 0.000000 0.000000
 1164.000000 297.602394 11.914649 0.000000 0.000000
 1172.000000 297.602394 11.914649 0.000000 0.000000
 1180.000000 297.602394 11.914649 0.000000 0.000000
 1188.000000 297.602394 11.796682 0.000000 0.000000
 1196.000000 297.602394 11.796682 0.000000 0.000000
 1204.000000 297.602394 11.679883 0.000000 0.000000
 1212.000000 297.602394 11.679883 0.000000 0.000000
 1220.000000 297.602394 11.564241 0.000000 0.000000
 1228.000000 297.602394 11.564241 0.000000 0.000000
 1236.000000 297.602394 11.564241 0.000000 0.000000
 1244.000000 297.602394 11.449743 0.000000 0.000000
 1252.000000 297.602394 11.449743 0.000000 0.000000
 1260.000000 297.602394 11.336379 0.000000 0.000000
 1268.000000 297.602394 11.336379 0.000000 0.000000
 1276.000000 302.426844 12.743366 0.000000 0.000000
 1284.000000 303.045131 12.572840 0.000000 0.000000
 1292.000000 303.445444 12.405021 0.000000 0.000000
 1300.000000 303.755068 12.239866 0.000000 0.000000
 1308.000000 304.012611 12.077331 0.000000 0.000000
 1316.000000 304.235641 11.917377 0.000000 0.000000
 1324.000000 304.433814 11.759962 0.000000 0.000000
 1332.000000 304.613077 11.605045 0.000000 0.000000
 1340.000000 304.777385 11.452587 0.000000 0.000000
 1348.000000 304.929513 11.302549 0.000000 0.000000
 1356.000000 305.071494 11.154893 0.000000 0.000000
 1364.000000 305.204868 11.009580 0.000000 0.000000
 1372.000000 305.330832 10.866574 0.000000 0.000000
 1380.000000 305.450336 10.725838 0.000000 0.000000
 1388.000000 305.564150 10.587335 0.000000 0.000000
 1396.000000 305.672907 10.451031 0.000000 0.000000
 1404.000000 305.777132 10.316891 0.000000 0.000000
 1412.000000 305.877271 10.184880 0.000000 0.000000
 1420.000000 305.973703 10.054964 0.000000 0.000000
 1428.000000 306.066751 9.927110 0.000000 0.000000
 1436.000000 306.156699 9.801285 0.000000 0.000000
 1444.000000 306.243792 9.677458 0.000000 0.000000
 1452.000000 306.328247 9.555596 0.000000 0.000000
 1460.000000 306.410254 9.435669 0.000000 0.000000
 1468.000000 306.489984 9.317645 0.000000 0.000000
 1476.000000 306.567589 9.201494 0.000000 0.000000
 1484.000000 306.643204 9.087187 0.000000 0.000000
 1492.000000 306.716953 8.974694 0.000000 0.000000
 1500.000000 306.788946 8.863987 0.000000 0.000000
 1508.000000 306.859285 8.755037 0.000000 0.000000
 1516.000000 306.928061 8.647817 0.000000 0.000000
 1524.000000 306.995358 8.542298 0.000000 0.000000
 1532.000000 307.061254 8.438454 0.000000 0.000000
 1540.000000 307.125819 8.336259 0.000000 0.000000
 1548.000000 307.189119 8.235685 0.000000 0.000000
 1556.000000 307.251213 8.136708 0.000000 0.000000
 1564.000000 307.312157 8.039302 0.000000 0.000000
 1572.000000 307.372004 7.943442 0.000000 0.000000
 1580.000000 307.430801 7.849104 0.000000 0.000000
 1588.000000 307.488593 7.756263 0.000000 0.000000
 1596.000000 307.545422 7.664896 0.000000 0.000000
 1604.000000 307.601327 7.574979 0.000000 0.000000
 1612.000000 307.656345 7.486489 0.000000 0.000000
 1620.000000 307.710511 7.399404 0.000000 0.000000
 1628.000000 307.763856 7.313701 0.000000 0.000000
