1000	299.619	13.8988	-0.00948721	0.479645
10	299.619	13.8988	-0.00948721	0.479645
70.2008	299.619	13.8988	-0.00639244	0.480584
130.402	299.619	13.8988	-0.00329767	0.481523
190.602	299.619	13.8988	-0.000202906	0.482462
250.803	299.619	13.8988	0.00289186	0.483401
311.004	299.619	13.8988	0.0078	0.49229
371.205	299.619	13.8988	0.0379036	0.61162
431.406	299.619	13.8988	0.0680072	0.730951
491.606	299.619	13.8988	0.0981108	0.850282
551.807	299.619	13.8988	0.113716	0.996361
612.008	299.619	13.8988	0.0947026	1.20631
672.209	299.619	13.8988	0.0756889	1.41626
732.41	299.619	13.8988	0.0566752	1.62621
792.61	299.619	13.8988	0.000556423	1.78218
852.811	299.774	12.5682	-0.0988937	1.8751
913.012	299.903	12.1139	-0.198344	1.96803
973.213	300.033	11.5067	-0.297794	2.06095
1033.41	300.184	10.9836	-0.395068	2.13147
1093.61	300.353	10.7197	-0.490401	2.18201
1153.82	300.524	10.4558	-0.585733	2.23255
1214.02	300.697	10.1919	-0.681066	2.28309
1274.22	300.84	9.93818	-0.724187	2.33805
1334.42	300.956	9.71501	-0.719393	2.39708
1394.62	301.074	9.49184	-0.714599	2.45611
1454.82	301.193	9.26866	-0.709805	2.51514
1515.02	301.364	9.05915	-0.694475	2.64086
1575.22	301.603	8.92328	-0.665051	2.85577
1635.42	301.843	8.7874	-0.635628	3.07069
1695.62	302.085	8.65153	-0.606204	3.28561
1755.82	302.35	8.51565	-0.586464	3.49211
1816.02	302.688	8.44238	-0.598223	3.67124
1876.22	303.027	8.37064	-0.609982	3.85037
1936.43	303.368	8.29889	-0.621741	4.0295
1996.63	303.71	8.22715	-0.633501	4.20863
2056.83	304.018	8.18496	-0.731819	4.30121
2117.03	304.326	8.1572	-0.835322	4.3886
2177.23	304.636	8.12944	-0.938826	4.476
2237.43	304.947	8.10168	-1.04233	4.56339
2297.63	305.265	8.06131	-1.16673	4.64712
2357.83	305.589	7.98674	-1.30981	4.72757
2418.03	305.915	7.91217	-1.45288	4.80802
2658.84	307.204	7.79855	-2.03322	4.9324
2719.04	307.524	7.67036	-2.18031	4.91421
2779.24	307.844	7.54216	-2.3274	4.89602
2839.44	308.167	7.41397	-2.4745	4.87783
2899.64	308.491	7.28577	-2.62159	4.85964
2959.84	308.816	7.15758	-2.76868	4.84145
3020.04	309.262	7.02939	-2.91577	4.82326
3080.24	309.496	6.90119	-3.06287	4.80507
3140.44	309.732	6.80781	-3.16552	4.77016
3200.64	309.969	6.74267	-3.23211	4.72169
3260.84	310.208	6.67753	-3.2987	4.67321
3321.04	310.449	6.61239	-3.36529	4.62473
3381.24	310.691	6.54725	-3.43188	4.57625
3441.45	310.935	6.48211	-3.49848	4.52778
3501.65	311.181	6.41697	-3.56507	4.4793
3561.85	311.428	6.35183	-3.63166	4.43082
3622.05	311.677	6.28669	-3.69825	4.38235
3682.25	311.927	6.22155	-3.76484	4.33387
3742.45	312.18	6.12843	-3.80885	4.31698
3802.65	312.434	6.0096	-3.83209	4.32914
3862.85	312.69	5.89076	-3.85534	4.3413
3923.05	312.947	5.77192	-3.87858	4.35345
3983.25	313.207	5.65309	-3.90183	4.36561
4043.45	313.468	5.53425	-3.92507	4.37776
4103.65	313.731	5.41541	-3.94831	4.38992
4163.86	313.995	5.29658	-3.97156	4.40207
4224.06	314.262	5.17774	-3.9948	4.41423
4284.26	314.53	5.0589	-4.01805	4.42639
4344.46	314.8	4.94007	-4.04129	4.43854
4404.66	315.072	4.82865	-4.03138	4.43969
4464.86	315.346	4.71858	-4.01546	4.43883
4525.06	315.622	4.60851	-3.99953	4.43797
4585.26	315.9	4.49843	-3.9836	4.43712
4645.46	316.179	4.38836	-3.96768	4.43626
4705.66	316.461	4.27829	-3.95175	4.43541
4765.86	316.744	4.16822	-3.93582	4.43455
4826.06	317.03	4.05815	-3.9199	4.4337
4886.27	317.317	3.94808	-3.90397	4.43284
4946.47	317.606	3.83801	-3.88804	4.43199
5006.67	317.897	3.72793	-3.87211	4.43113
5066.87	318.191	3.6275	-3.87254	4.40541
5127.07	318.486	3.54129	-3.89709	4.34301
5187.27	318.783	3.45508	-3.92165	4.28061
5247.47	319.083	3.36886	-3.9462	4.21821
5307.67	319.384	3.28265	-3.97075	4.15581
5367.87	319.688	3.19643	-3.9953	4.09341
5428.07	319.993	3.11022	-4.01985	4.03101
5488.27	320.301	3.02401	-4.0444	3.96861
5548.47	320.611	2.93779	-4.06895	3.90621
5608.67	320.923	2.85158	-4.0935	3.84382
5668.88	321.237	2.76536	-4.11805	3.78142
5729.08	321.553	2.67915	-4.1426	3.71902
5789.28	321.872	2.59318	-4.17261	3.65928
5849.48	322.192	2.5104	-4.27465	3.63469
5909.68	322.515	2.42763	-4.37669	3.6101
5969.88	322.84	2.34485	-4.47873	3.58551
6030.08	323.168	2.26208	-4.58077	3.56092
6090.28	323.497	2.1793	-4.68281	3.53633
6150.48	323.829	2.09653	-4.78485	3.51174
6210.68	324.164	2.01376	-4.88689	3.48715
6270.88	324.5	1.93098	-4.98893	3.46256
6331.08	324.839	1.84821	-5.09097	3.43797
6391.29	325.181	1.76543	-5.19302	3.41338
6451.49	325.524	1.68266	-5.29506	3.38879
6511.69	325.87	1.59988	-5.3971	3.3642
6571.89	326.219	1.51711	-5.49914	3.33961
6632.09	326.57	1.45345	-5.60291	3.3438
6692.29	326.923	1.39813	-5.70744	3.36052
6752.49	327.279	1.34282	-5.81196	3.37725
6812.69	327.637	1.2875	-5.91649	3.39397
6872.89	327.998	1.23218	-6.02102	3.4107
6933.09	328.362	1.17686	-6.12554	3.42743
6993.29	328.727	1.12154	-6.23007	3.44415
7053.49	329.096	1.06622	-6.33459	3.46088
7113.69	329.467	1.0109	-6.43912	3.47761
7173.9	329.841	0.955586	-6.54365	3.49433
7234.1	330.217	0.900268	-6.64817	3.51106
7294.3	330.596	0.844949	-6.7527	3.52779
7354.5	330.978	0.789631	-6.85723	3.54451
7414.7	331.362	0.734313	-6.96175	3.56124
7474.9	331.749	0.681333	-7.06608	3.57487
7535.1	332.139	0.658872	-7.16774	3.54806
7595.3	332.531	0.636411	-7.26941	3.52126
7655.5	332.927	0.61395	-7.37108	3.49445
7715.7	333.325	0.591489	-7.47275	3.46765
7775.9	333.726	0.569028	-7.57442	3.44085
7836.1	334.13	0.546567	-7.67608	3.41404
7896.31	334.536	0.524106	-7.77775	3.38724
7956.51	334.946	0.501645	-7.87942	3.36044
8016.71	335.358	0.479184	-7.98109	3.33363
8076.91	335.774	0.456723	-8.08276	3.30683
8137.11	336.192	0.434262	-8.18442	3.28003
8197.31	336.614	0.411801	-8.28609	3.25322
8257.51	337.038	0.38934	-8.38776	3.22642
8317.71	337.466	0.366879	-8.48943	3.19961
8377.91	337.896	0.344418	-8.5911	3.17281
8438.11	338.33	0.321957	-8.69276	3.14601
8498.31	338.766	0.311682	-8.74735	3.21951
8558.51	339.206	0.302803	-8.79655	3.30449
8618.71	339.649	0.293924	-8.84575	3.38947
8678.92	340.096	0.285045	-8.89495	3.47445
8739.12	340.545	0.276166	-8.94415	3.55944
8799.32	340.998	0.267287	-8.99335	3.64442
8859.52	341.454	0.258407	-9.04255	3.7294
8919.72	341.913	0.249528	-9.09175	3.81438
8979.92	342.376	0.240649	-9.14095	3.89937
9040.12	342.842	0.23177	-9.19015	3.98435
9100.32	343.311	0.222891	-9.23935	4.06933
9160.52	343.784	0.214012	-9.28855	4.15431
9220.72	344.26	0.205133	-9.33775	4.23929
9280.92	344.74	0.196254	-9.38695	4.32428
9341.12	345.223	0.187374	-9.43615	4.40926
9401.33	345.71	0.178495	-9.48535	4.49424
9461.53	346.2	0.169616	-9.53455	4.57922
9521.73	346.694	0.160737	-9.58375	4.66421
9581.93	347.192	0.156158	-9.63066	4.69258
9642.13	347.693	0.152722	-9.67695	4.70589
9702.33	348.198	0.149286	-9.72325	4.71921
9762.53	348.706	0.14585	-9.76955	4.73253
9822.73	349.219	0.142414	-9.81585	4.74584
9882.93	349.735	0.138978	-9.86215	4.75916
9943.13	350.255	0.135542	-9.90844	4.77248
10003.3	350.779	0.132106	-9.95474	4.78579
10063.5	351.307	0.12867	-10.001	4.79911
10123.7	351.838	0.125234	-10.0473	4.81243
10183.9	352.374	0.121798	-10.0936	4.82574
10244.1	352.914	0.118362	-10.1399	4.83906
10304.3	353.457	0.114926	-10.1862	4.85237
10364.5	354.005	0.11149	-10.2325	4.86569
10424.7	354.557	0.108054	-10.2788	4.87901
10484.9	355.113	0.104618	-10.3251	4.89232
10545.1	355.673	0.101182	-10.3714	4.90564
10605.3	356.238	0.0977465	-10.4177	4.91896
10665.5	356.806	0.0943106	-10.464	4.93227
10725.7	357.379	0.0908746	-10.5103	4.94559
10785.9	357.957	0.0882159	-10.5308	4.89959
10846.1	358.538	0.0883866	-10.4572	4.63761
10906.3	359.124	0.0885573	-10.3837	4.37563
10966.5	359.715	0.088728	-10.3101	4.11366
11026.7	360.31	0.0888987	-10.2366	3.85168
11086.9	360.91	0.0890695	-10.163	3.5897
11147.1	361.514	0.0892402	-10.0895	3.32773
11207.3	362.122	0.0894109	-10.0159	3.06575
11267.6	362.638	0.0895816	-9.94238	2.80378
11327.8	363.169	0.0897523	-9.86883	2.5418
11388	363.705	0.0899231	-9.79528	2.27982
11448.2	364.247	0.0900938	-9.72173	2.01785
11508.4	364.895	0.0874605	-9.54176	1.97329
11568.6	365.67	0.0836987	-9.31897	2.01623
11628.8	366.449	0.079937	-9.09617	2.05916
11689	367.232	0.0761753	-8.87338	2.1021
11749.2	368.019	0.0724136	-8.65059	2.14503
11809.4	368.81	0.0686519	-8.42779	2.18797
11869.6	369.605	0.0648901	-8.205	2.23091
11929.8	370.404	0.0611284	-7.9822	2.27384
11990	371.208	0.0573667	-7.75941	2.31678
12050.2	372.015	0.053605	-7.53662	2.35972
12110.4	372.826	0.0498432	-7.31382	2.40265
12170.6	373.642	0.0460815	-7.09103	2.44559
12230.8	374.462	0.0426112	-6.89563	2.55827
12291	375.445	0.041291	-6.90237	3.18558
12351.2	376.437	0.0399709	-6.90912	3.8129
12411.4	377.431	0.0386508	-6.91587	4.44022
12471.6	378.428	0.0373307	-6.92261	5.06754
12531.8	379.428	0.0360105	-6.92936	5.69486
12592	380.432	0.0346904	-6.9361	6.32218
12652.2	381.438	0.0333703	-6.94285	6.94949
12712.4	382.447	0.0320502	-6.94959	7.57681
12772.6	383.46	0.03073	-6.95634	8.20413
12832.8	384.476	0.0294099	-6.96309	8.83145
12893	385.494	0.0280898	-6.96983	9.45877
12953.2	386.516	0.0267697	-6.97658	10.0861
13013.4	387.541	0.0254495	-6.98332	10.7134
13073.6	388.569	0.0241294	-6.99007	11.3407
13133.8	389.527	0.0230581	-6.33779	11.4459
13194	390.475	0.0219898	-5.67755	11.5447
13254.2	391.428	0.0209216	-5.0173	11.6435
13314.4	392.385	0.0198533	-4.35706	11.7424
13374.6	393.346	0.018785	-3.69682	11.8412
13434.8	394.311	0.0177167	-3.03657	11.9401
13495	395.279	0.0166484	-2.37633	12.0389
13555.2	396.252	0.0155802	-1.71609	12.1377
13615.4	397.229	0.0145119	-1.05584	12.2366
13675.6	398.21	0.0134436	-0.395598	12.3354
13735.8	399.195	0.0123753	0.264646	12.4342
13796	400.184	0.011307	0.92489	12.5331
13856.2	401.177	0.0102387	1.58513	12.6319
13916.4	402.175	0.00917047	2.24538	12.7307
13976.6	403.176	0.00810219	2.90562	12.8296
14036.8	404.182	0.00703391	3.56587	12.9284
14097	405.279	0.00655612	3.81283	12.6679
14157.2	406.408	0.00636365	3.86009	12.2337
14217.4	407.54	0.00617118	3.90736	11.7995
14277.6	408.675	0.00597871	3.95462	11.3653
14337.8	409.813	0.00578624	4.00189	10.9311
14398	410.955	0.00559377	4.04915	10.4969
14458.2	412.099	0.0054013	4.09642	10.0627
14518.4	413.246	0.00520884	4.14369	9.62848
14578.6	414.396	0.00501637	4.19095	9.19428
14638.8	415.55	0.0048239	4.23822	8.76008
14699	416.706	0.00463143	4.28548	8.32588
14759.2	417.866	0.00443896	4.33275	7.89169
14819.4	419.028	0.00424649	4.38001	7.45749
14879.6	420.194	0.00405402	4.42728	7.02329
14939.8	421.362	0.00386155	4.47455	6.58909
15000	422.534	0.00366909	4.52181	6.15489
