0
5.0
12.0
22.0
36.0
55.0
82.0
120.0
173.0
247.0
351.0
496.0
699.0
899.0
1099.0
1299.0
1499.0
1699.0
1899.0
2099.0
2299.0
2499.0
2699.0
2899.0
3099.0
3299.0
3499.0
3699.0
3899.0
4099.0
4299.0
4499.0
4699.0
4899.0
5099.0
5299.0
5499.0
5699.0
5899.0
6099.0
6284.0
6441.0
6575.0
6689.0
6786.0
6868.0
6938.0
6997.0
7047.0
7097.0
7147.0
7197.0
7247.0
7297.0
7347.0
7397.0
7447.0
7497.0
7547.0
7597.0
7647.0
7697.0
7747.0
7797.0
7847.0
7897.0
7947.0
7997.0
8047.0
8097.0
8147.0
8197.0
8247.0
8297.0
8347.0
8397.0
8447.0
8497.0
8547.0
8597.0
8647.0
8697.0
8747.0
8797.0
8847.0
8897.0
8947.0
8997.0
9047.0
9097.0
9147.0
9197.0
9247.0
9297.0
9347.0
9397.0
9447.0
9497.0
9547.0
9597.0
9647.0
9697.0
9747.0
9797.0
9847.0
9897.0
9947.0
9997.0
10047.0
10097.0
10147.0
10197.0
10247.0
10297.0
10347.0
10397.0
10447.0
10497.0
10547.0
10597.0
10647.0
10697.0
10747.0
10797.0
10847.0
10897.0
10947.0
10997.0
11047.0
11097.0
11147.0
11197.0
11247.0
11297.0
11347.0
11397.0
11447.0
11497.0
11547.0
11597.0
11647.0
11697.0
11747.0
11797.0
11847.0
11897.0
11947.0
11997.0
12047.0
12097.0
12147.0
12197.0
12247.0
12297.0
12347.0
12397.0
12447.0
12497.0
12547.0
12597.0
12647.0
12697.0
12747.0
12797.0
12847.0
12897.0
12947.0
12997.0
13047.0
13097.0
13147.0
13197.0
13247.0
13297.0
13347.0
13397.0
13447.0
13497.0
13547.0
13597.0
13647.0
13697.0
13747.0
13797.0
13847.0
13897.0
13947.0
13997.0
